1.4500000E-06	7.8229000E-26	1.3086000E-26		
1.4505000E-06	8.0223000E-26	1.3582000E-26		
1.4510000E-06	8.2216000E-26	1.4087000E-26		
1.4515000E-06	8.4209000E-26	1.4603000E-26		
1.4520000E-06	8.6518000E-26	1.5184000E-26		
1.4525000E-06	8.8828000E-26	1.5777000E-26		
1.4530000E-06	9.1137000E-26	1.6382000E-26		
1.4535000E-06	9.3446000E-26	1.6999000E-26		
1.4540000E-06	9.5903000E-26	1.7655000E-26		
1.4545000E-06	9.8359000E-26	1.8325000E-26		
1.4550000E-06	1.0082000E-25	1.9008000E-26		
1.4555000E-06	1.0327000E-25	1.9705000E-26		
1.4560000E-06	1.0575000E-25	2.0420000E-26		
1.4565000E-06	1.0824000E-25	2.1150000E-26		
1.4570000E-06	1.1072000E-25	2.1893000E-26		
1.4575000E-06	1.1320000E-25	2.2652000E-26		
1.4580000E-06	1.1586000E-25	2.3461000E-26		
1.4585000E-06	1.1851000E-25	2.4285000E-26		
1.4590000E-06	1.2117000E-25	2.5126000E-26		
1.4595000E-06	1.2383000E-25	2.5983000E-26		
1.4600000E-06	1.2629000E-25	2.6814000E-26		
1.4605000E-06	1.2874000E-25	2.7661000E-26		
1.4610000E-06	1.3120000E-25	2.8525000E-26		
1.4615000E-06	1.3365000E-25	2.9404000E-26		
1.4620000E-06	1.3638000E-25	3.0361000E-26		
1.4625000E-06	1.3911000E-25	3.1335000E-26		
1.4630000E-06	1.4183000E-25	3.2329000E-26		
1.4635000E-06	1.4456000E-25	3.3341000E-26		
1.4640000E-06	1.4726000E-25	3.4365000E-26		
1.4645000E-06	1.4995000E-25	3.5409000E-26		
1.4650000E-06	1.5265000E-25	3.6472000E-26		
1.4655000E-06	1.5534000E-25	3.7555000E-26		
1.4660000E-06	1.5792000E-25	3.8630000E-26		
1.4665000E-06	1.6051000E-25	3.9725000E-26		
1.4670000E-06	1.6309000E-25	4.0841000E-26		
1.4675000E-06	1.6567000E-25	4.1976000E-26		
1.4680000E-06	1.6834000E-25	4.3155000E-26		
1.4685000E-06	1.7101000E-25	4.4356000E-26		
1.4690000E-06	1.7368000E-25	4.5579000E-26		
1.4695000E-06	1.7635000E-25	4.6823000E-26		
1.4700000E-06	1.7869000E-25	4.8003000E-26		
1.4705000E-06	1.8103000E-25	4.9204000E-26		
1.4710000E-06	1.8338000E-25	5.0426000E-26		
1.4715000E-06	1.8572000E-25	5.1669000E-26		
1.4720000E-06	1.8815000E-25	5.2958000E-26		
1.4725000E-06	1.9058000E-25	5.4270000E-26		
1.4730000E-06	1.9300000E-25	5.5605000E-26		
1.4735000E-06	1.9543000E-25	5.6963000E-26		
1.4740000E-06	1.9751000E-25	5.8241000E-26		
1.4745000E-06	1.9958000E-25	5.9540000E-26		
1.4750000E-06	2.0166000E-25	6.0862000E-26		
1.4755000E-06	2.0373000E-25	6.2205000E-26		
1.4760000E-06	2.0587000E-25	6.3589000E-26		
1.4765000E-06	2.0800000E-25	6.4997000E-26		
1.4770000E-06	2.1013000E-25	6.6428000E-26		
1.4775000E-06	2.1227000E-25	6.7883000E-26		
1.4780000E-06	2.1411000E-25	6.9269000E-26		
1.4785000E-06	2.1596000E-25	7.0678000E-26		
1.4790000E-06	2.1780000E-25	7.2109000E-26		
1.4795000E-06	2.1965000E-25	7.3563000E-26		
1.4800000E-06	2.2127000E-25	7.4967000E-26		
1.4805000E-06	2.2290000E-25	7.6393000E-26		
1.4810000E-06	2.2453000E-25	7.7842000E-26		
1.4815000E-06	2.2615000E-25	7.9313000E-26		
1.4820000E-06	2.2755000E-25	8.0726000E-26		
1.4825000E-06	2.2895000E-25	8.2161000E-26		
1.4830000E-06	2.3035000E-25	8.3617000E-26		
1.4835000E-06	2.3174000E-25	8.5095000E-26		
1.4840000E-06	2.3306000E-25	8.6565000E-26		
1.4845000E-06	2.3438000E-25	8.8057000E-26		
1.4850000E-06	2.3569000E-25	8.9571000E-26		
1.4855000E-06	2.3701000E-25	9.1107000E-26		
1.4860000E-06	2.3802000E-25	9.2549000E-26		
1.4865000E-06	2.3903000E-25	9.4010000E-26		
1.4870000E-06	2.4004000E-25	9.5493000E-26		
1.4875000E-06	2.4106000E-25	9.6996000E-26		
1.4880000E-06	2.4166000E-25	9.8356000E-26		
1.4885000E-06	2.4227000E-25	9.9733000E-26		
1.4890000E-06	2.4288000E-25	1.0113000E-25		
1.4895000E-06	2.4349000E-25	1.0254000E-25		
1.4900000E-06	2.4429000E-25	1.0406000E-25		
1.4905000E-06	2.4510000E-25	1.0559000E-25		
1.4910000E-06	2.4590000E-25	1.0715000E-25		
1.4915000E-06	2.4671000E-25	1.0873000E-25		
1.4920000E-06	2.4731000E-25	1.1024000E-25		
1.4925000E-06	2.4791000E-25	1.1176000E-25		
1.4930000E-06	2.4851000E-25	1.1331000E-25		
1.4935000E-06	2.4911000E-25	1.1488000E-25		
1.4940000E-06	2.4929000E-25	1.1627000E-25		
1.4945000E-06	2.4947000E-25	1.1768000E-25		
1.4950000E-06	2.4966000E-25	1.1910000E-25		
1.4955000E-06	2.4984000E-25	1.2054000E-25		
1.4960000E-06	2.5016000E-25	1.2207000E-25		
1.4965000E-06	2.5048000E-25	1.2361000E-25		
1.4970000E-06	2.5080000E-25	1.2517000E-25		
1.4975000E-06	2.5112000E-25	1.2675000E-25		
1.4980000E-06	2.5176000E-25	1.2851000E-25		
1.4985000E-06	2.5239000E-25	1.3029000E-25		
1.4990000E-06	2.5302000E-25	1.3209000E-25		
1.4995000E-06	2.5365000E-25	1.3392000E-25		
1.5000000E-06	2.5406000E-25	1.3564000E-25		
1.5005000E-06	2.5446000E-25	1.3739000E-25		
1.5010000E-06	2.5487000E-25	1.3916000E-25		
1.5015000E-06	2.5527000E-25	1.4095000E-25		
1.5020000E-06	2.5558000E-25	1.4271000E-25		
1.5025000E-06	2.5590000E-25	1.4449000E-25		
1.5030000E-06	2.5621000E-25	1.4630000E-25		
1.5035000E-06	2.5652000E-25	1.4812000E-25		
1.5040000E-06	2.5742000E-25	1.5031000E-25		
1.5045000E-06	2.5832000E-25	1.5252000E-25		
1.5050000E-06	2.5921000E-25	1.5477000E-25		
1.5055000E-06	2.6011000E-25	1.5704000E-25		
1.5060000E-06	2.6146000E-25	1.5962000E-25		
1.5065000E-06	2.6281000E-25	1.6224000E-25		
1.5070000E-06	2.6415000E-25	1.6490000E-25		
1.5075000E-06	2.6550000E-25	1.6759000E-25		
1.5080000E-06	2.6739000E-25	1.7067000E-25		
1.5085000E-06	2.6928000E-25	1.7379000E-25		
1.5090000E-06	2.7117000E-25	1.7696000E-25		
1.5095000E-06	2.7306000E-25	1.8018000E-25		
1.5100000E-06	2.7557000E-25	1.8387000E-25		
1.5105000E-06	2.7808000E-25	1.8760000E-25		
1.5110000E-06	2.8059000E-25	1.9140000E-25		
1.5115000E-06	2.8310000E-25	1.9526000E-25		
1.5120000E-06	2.8600000E-25	1.9945000E-25		
1.5125000E-06	2.8890000E-25	2.0371000E-25		
1.5130000E-06	2.9179000E-25	2.0803000E-25		
1.5135000E-06	2.9469000E-25	2.1242000E-25		
1.5140000E-06	2.9853000E-25	2.1758000E-25		
1.5145000E-06	3.0238000E-25	2.2282000E-25		
1.5150000E-06	3.0622000E-25	2.2815000E-25		
1.5155000E-06	3.1007000E-25	2.3357000E-25		
1.5160000E-06	3.1567000E-25	2.4042000E-25		
1.5165000E-06	3.2128000E-25	2.4739000E-25		
1.5170000E-06	3.2688000E-25	2.5448000E-25		
1.5175000E-06	3.3249000E-25	2.6170000E-25		
1.5180000E-06	3.4007000E-25	2.7061000E-25		
1.5185000E-06	3.4765000E-25	2.7970000E-25		
1.5190000E-06	3.5524000E-25	2.8894000E-25		
1.5195000E-06	3.6282000E-25	2.9836000E-25		
1.5200000E-06	3.7260000E-25	3.0977000E-25		
1.5205000E-06	3.8238000E-25	3.2139000E-25		
1.5210000E-06	3.9216000E-25	3.3323000E-25		
1.5215000E-06	4.0195000E-25	3.4528000E-25		
1.5220000E-06	4.1270000E-25	3.5840000E-25		
1.5225000E-06	4.2345000E-25	3.7177000E-25		
1.5230000E-06	4.3420000E-25	3.8538000E-25		
1.5235000E-06	4.4495000E-25	3.9924000E-25		
1.5240000E-06	4.5304000E-25	4.1094000E-25		
1.5245000E-06	4.6227000E-25	4.2390000E-25		
1.5250000E-06	4.6967000E-25	4.3539000E-25		
1.5255000E-06	4.7732000E-25	4.4730000E-25		
1.5260000E-06	4.8260000E-25	4.5718000E-25		
1.5265000E-06	4.8788000E-25	4.6722000E-25		
1.5270000E-06	4.9154000E-25	4.7584000E-25		
1.5275000E-06	4.9341000E-25	4.8286000E-25		
1.5280000E-06	4.9341000E-25	4.8601000E-25		
1.5285000E-06	4.9273000E-25	4.8853000E-25		
1.5290000E-06	4.9025000E-25	4.9025000E-25		
1.5295000E-06	4.8650000E-25	4.9178000E-25		
1.5300000E-06	4.8126000E-25	4.9177000E-25		
1.5305000E-06	4.7347000E-25	4.8906000E-25		
1.5310000E-06	4.6548000E-25	4.8601000E-25		
1.5315000E-06	4.5600000E-25	4.8127000E-25		
1.5320000E-06	4.5054000E-25	4.7805000E-25		
1.5325000E-06	4.4507000E-25	4.7482000E-25		
1.5330000E-06	4.3193000E-25	4.6578000E-25		
1.5335000E-06	4.1879000E-25	4.5649000E-25		
1.5340000E-06	4.0564000E-25	4.4694000E-25		
1.5345000E-06	3.9250000E-25	4.3713000E-25		
1.5350000E-06	3.8038000E-25	4.2820000E-25		
1.5355000E-06	3.6827000E-25	4.1904000E-25		
1.5360000E-06	3.5615000E-25	4.0962000E-25		
1.5365000E-06	3.4404000E-25	3.9994000E-25		
1.5370000E-06	3.3591000E-25	3.9470000E-25		
1.5375000E-06	3.2372000E-25	3.8634000E-25		
1.5380000E-06	3.1153000E-25	3.7798000E-25		
1.5385000E-06	3.0731000E-25	3.7685000E-25		
1.5390000E-06	3.0308000E-25	3.7566000E-25		
1.5395000E-06	2.9885000E-25	3.7439000E-25		
1.5400000E-06	2.9463000E-25	3.7305000E-25		
1.5405000E-06	2.9113000E-25	3.7257000E-25		
1.5410000E-06	2.8764000E-25	3.7204000E-25		
1.5415000E-06	2.8415000E-25	3.7145000E-25		
1.5420000E-06	2.8065000E-25	3.7080000E-25		
1.5425000E-06	2.7720000E-25	3.7015000E-25		
1.5430000E-06	2.7375000E-25	3.6944000E-25		
1.5435000E-06	2.7029000E-25	3.6866000E-25		
1.5440000E-06	2.6684000E-25	3.6783000E-25		
1.5445000E-06	2.6299000E-25	3.6639000E-25		
1.5450000E-06	2.5914000E-25	3.6486000E-25		
1.5455000E-06	2.5529000E-25	3.6327000E-25		
1.5460000E-06	2.5144000E-25	3.6159000E-25		
1.5465000E-06	2.4755000E-25	3.5978000E-25		
1.5470000E-06	2.4366000E-25	3.5788000E-25		
1.5475000E-06	2.3977000E-25	3.5590000E-25		
1.5480000E-06	2.3588000E-25	3.5384000E-25		
1.5485000E-06	2.3228000E-25	3.5213000E-25		
1.5490000E-06	2.2869000E-25	3.5035000E-25		
1.5495000E-06	2.2509000E-25	3.4849000E-25		
1.5500000E-06	2.2150000E-25	3.4655000E-25		
1.5505000E-06	2.1859000E-25	3.4562000E-25		
1.5510000E-06	2.1568000E-25	3.4462000E-25		
1.5515000E-06	2.1277000E-25	3.4356000E-25		
1.5520000E-06	2.0986000E-25	3.4243000E-25		
1.5525000E-06	2.0737000E-25	3.4194000E-25		
1.5530000E-06	2.0489000E-25	3.4140000E-25		
1.5535000E-06	2.0240000E-25	3.4081000E-25		
1.5540000E-06	1.9992000E-25	3.4016000E-25		
1.5545000E-06	1.9717000E-25	3.3902000E-25		
1.5550000E-06	1.9692000E-25	3.3831000E-25		
1.5555000E-06	1.9568000E-25	3.3806000E-25		
1.5560000E-06	1.9443000E-25	3.3782000E-25		
1.5565000E-06	1.9169000E-25	3.3655000E-25		
1.5570000E-06	1.8895000E-25	3.3522000E-25		
1.5575000E-06	1.8613000E-25	3.3368000E-25		
1.5580000E-06	1.8331000E-25	3.3207000E-25		
1.5585000E-06	1.8049000E-25	3.3039000E-25		
1.5590000E-06	1.7767000E-25	3.2863000E-25		
1.5595000E-06	1.7450000E-25	3.2614000E-25		
1.5600000E-06	1.7133000E-25	3.2355000E-25		
1.5605000E-06	1.6816000E-25	3.2088000E-25		
1.5610000E-06	1.6498000E-25	3.1811000E-25		
1.5615000E-06	1.6114000E-25	3.1394000E-25		
1.5620000E-06	1.5730000E-25	3.0965000E-25		
1.5625000E-06	1.5345000E-25	3.0523000E-25		
1.5630000E-06	1.4961000E-25	3.0068000E-25		
1.5635000E-06	1.4587000E-25	2.9621000E-25		
1.5640000E-06	1.4213000E-25	2.9161000E-25		
1.5645000E-06	1.3839000E-25	2.8689000E-25		
1.5650000E-06	1.3464000E-25	2.8203000E-25		
1.5655000E-06	1.3086000E-25	2.7695000E-25		
1.5660000E-06	1.2708000E-25	2.7174000E-25		
1.5665000E-06	1.2330000E-25	2.6639000E-25		
1.5670000E-06	1.1952000E-25	2.6090000E-25		
1.5675000E-06	1.1596000E-25	2.5574000E-25		
1.5680000E-06	1.1239000E-25	2.5044000E-25		
1.5685000E-06	1.0883000E-25	2.4500000E-25		
1.5690000E-06	1.0526000E-25	2.3942000E-25		
1.5695000E-06	1.0187000E-25	2.3410000E-25		
1.5700000E-06	9.8482000E-26	2.2865000E-25		
1.5705000E-06	9.5093000E-26	2.2305000E-25		
1.5710000E-06	9.1703000E-26	2.1732000E-25		
1.5715000E-06	8.8773000E-26	2.1254000E-25		
1.5720000E-06	8.5842000E-26	2.0764000E-25		
1.5725000E-06	8.2911000E-26	2.0261000E-25		
1.5730000E-06	7.9981000E-26	1.9746000E-25		
1.5735000E-06	7.7454000E-26	1.9318000E-25		
1.5740000E-06	7.4927000E-26	1.8880000E-25		
1.5745000E-06	7.2400000E-26	1.8430000E-25		
1.5750000E-06	6.9873000E-26	1.7969000E-25		
1.5755000E-06	6.7599000E-26	1.7563000E-25		
1.5760000E-06	6.5324000E-26	1.7146000E-25		
1.5765000E-06	6.3050000E-26	1.6718000E-25		
1.5770000E-06	6.0776000E-26	1.6280000E-25		
1.5775000E-06	5.8923000E-26	1.5945000E-25		
1.5780000E-06	5.7069000E-26	1.5601000E-25		
1.5785000E-06	5.5216000E-26	1.5248000E-25		
1.5790000E-06	5.3363000E-26	1.4887000E-25		
1.5795000E-06	5.2001000E-26	1.4655000E-25		
1.5800000E-06	5.0639000E-26	1.4416000E-25		
1.5805000E-06	4.9278000E-26	1.4171000E-25		
1.5810000E-06	4.7916000E-26	1.3920000E-25		
1.5815000E-06	4.6781000E-26	1.3728000E-25		
1.5820000E-06	4.5646000E-26	1.3531000E-25		
1.5825000E-06	4.4511000E-26	1.3329000E-25		
1.5830000E-06	4.3376000E-26	1.3121000E-25		
1.5835000E-06	4.2430000E-26	1.2965000E-25		
1.5840000E-06	4.1483000E-26	1.2804000E-25		
1.5845000E-06	4.0537000E-26	1.2639000E-25		
1.5850000E-06	3.9591000E-26	1.2469000E-25		
1.5855000E-06	3.8733000E-26	1.2322000E-25		
1.5860000E-06	3.7874000E-26	1.2170000E-25		
1.5865000E-06	3.7015000E-26	1.2014000E-25		
1.5870000E-06	3.6156000E-26	1.1854000E-25		
1.5875000E-06	3.5504000E-26	1.1758000E-25		
1.5880000E-06	3.4851000E-26	1.1658000E-25		
1.5885000E-06	3.4199000E-26	1.1555000E-25		
1.5890000E-06	3.3547000E-26	1.1449000E-25		
1.5895000E-06	3.2822000E-26	1.1314000E-25		
1.5900000E-06	3.2097000E-26	1.1176000E-25		
1.5905000E-06	3.1373000E-26	1.1033000E-25		
1.5910000E-06	3.0648000E-26	1.0886000E-25		
1.5915000E-06	3.0172000E-26	1.0825000E-25		
1.5920000E-06	2.9697000E-26	1.0761000E-25		
1.5925000E-06	2.9221000E-26	1.0695000E-25		
1.5930000E-06	2.8746000E-26	1.0627000E-25		
1.5935000E-06	2.8128000E-26	1.0502000E-25		
1.5940000E-06	2.7510000E-26	1.0374000E-25		
1.5945000E-06	2.6892000E-26	1.0243000E-25		
1.5950000E-06	2.6274000E-26	1.0107000E-25		
1.5955000E-06	2.5834000E-26	1.0038000E-25		
1.5960000E-06	2.5395000E-26	9.9652000E-26		
1.5965000E-06	2.4955000E-26	9.8904000E-26		
1.5970000E-06	2.4515000E-26	9.8130000E-26		
1.5975000E-06	2.3910000E-26	9.6661000E-26		
1.5980000E-06	2.3305000E-26	9.5153000E-26		
1.5985000E-06	2.2700000E-26	9.3604000E-26		
1.5990000E-06	2.2095000E-26	9.2015000E-26		
1.5995000E-06	2.1842000E-26	9.1868000E-26		
1.6000000E-06	2.1590000E-26	9.1708000E-26		
				
				
				
				
				
				
				
				
				
				
				
				
				
				
				
				
				
				
				
				
				
				
				
				
				
				
				
				
				
				
				
				
				
				
				
				
				
				
				
				
				
				
				
				
				
				
				
				
				
				
				
				
				
				
				
				
				
				
				
				
				
				
				
				
				
				
				
				
				
				
				
				
				
				
				
				
				
				
				
				
				
				
				
				
				
				
				
				
				
				
				
				
				
				
				
				
				
				
				
				
				
				
				
				
				
				
				
				
				
				
				
				
				
				
				
				
				
				
				
				
				
				
				
				
				
				
				
				
				
				
				
				
				
				
				
				
				
				
				
				
				
				
				
				
				
				
				
				
				
				
				
				
				
				
				
				
				
				
				
				
				
				
				
				
				
				
				
				
				
				
				
				
				
				
				
				
				
				
				
				
				
				
				
				
				
				
				
				
				
				
				
				
				
				
				
				
				
				
				
				
				
				
				
				
				
				
				
				
				
				
				
				
				
				
				
				
				
				
				
				
				
				
				
				
				
				
				
				
				
				
				
				
				
				
				
				
				
				
				
				
				
				
				
				
				
				
				
				
				
				
				
				
				
				
				
				
				
				
				
				
				
				
				
				
				
				
				
				
				
				
				
				
				
				
				
				
				
				
				
				
				
				
				
				
				
				
				
				
				
				
				
				
				
				
				
				
				
				
				
				
				
				
				
				
				
				
				
				
				
				
				
				
				
				
				
				
				
				
				
				
				
				
				
				
				
				
				
				
				
				
				
				
				
				
				
				
				
				
				
				
				
				
				
				
				
				
				
				
				
				
				
				
				
				
				
				
				
				
				
				
				
				
				
				
				
				
				
				
				
				
				
				
				
				
				
				
				
				
				
				
				
				
				
				
				
				
				
				
				
				
				
				
				
				
				
				
				
				
				
				
				
				
				
				
				
				
				
				
				
				
				
				
				
				
				
				
				
				
				
				
				
				
				
				
				
				
				
				
				
				
				
				
				
				
				
				
				
				
				
				
				
				
				
				
				
				
				
				
				
				
				
				
				
				
				
				
				
				
				
				
				
				
				
				
				
				
