900	2.59E-27
900.2	2.58E-27
900.4	2.58E-27
900.6	2.57E-27
900.8	2.56E-27
901	2.56E-27
901.2	2.54E-27
901.4	2.53E-27
901.6	2.51E-27
901.8	2.50E-27
902	2.49E-27
902.2	2.49E-27
902.4	2.49E-27
902.6	2.49E-27
902.8	2.49E-27
903	2.49E-27
903.2	2.48E-27
903.4	2.47E-27
903.6	2.47E-27
903.8	2.46E-27
904	2.45E-27
904.2	2.42E-27
904.4	2.38E-27
904.6	2.35E-27
904.8	2.32E-27
905	2.28E-27
905.2	2.26E-27
905.4	2.24E-27
905.6	2.22E-27
905.8	2.20E-27
906	2.18E-27
906.2	2.17E-27
906.4	2.15E-27
906.6	2.14E-27
906.8	2.13E-27
907	2.11E-27
907.2	2.12E-27
907.4	2.13E-27
907.6	2.13E-27
907.8	2.14E-27
908	2.15E-27
908.2	2.15E-27
908.4	2.15E-27
908.6	2.15E-27
908.8	2.15E-27
909	2.15E-27
909.2	2.13E-27
909.4	2.12E-27
909.6	2.11E-27
909.8	2.09E-27
910	2.08E-27
910.2	2.07E-27
910.4	2.06E-27
910.6	2.06E-27
910.8	2.05E-27
911	2.04E-27
911.2	2.05E-27
911.4	2.06E-27
911.6	2.06E-27
911.8	2.07E-27
912	2.08E-27
912.2	2.09E-27
912.4	2.09E-27
912.6	2.10E-27
912.8	2.11E-27
913	2.11E-27
913.2	2.11E-27
913.4	2.11E-27
913.6	2.11E-27
913.8	2.11E-27
914	2.11E-27
914.2	2.12E-27
914.4	2.13E-27
914.6	2.13E-27
914.8	2.14E-27
915	2.15E-27
915.2	2.16E-27
915.4	2.17E-27
915.6	2.19E-27
915.8	2.20E-27
916	2.21E-27
916.2	2.21E-27
916.4	2.21E-27
916.6	2.21E-27
916.8	2.21E-27
917	2.21E-27
917.2	2.21E-27
917.4	2.20E-27
917.6	2.19E-27
917.8	2.19E-27
918	2.18E-27
918.2	2.19E-27
918.4	2.19E-27
918.6	2.20E-27
918.8	2.21E-27
919	2.21E-27
919.2	2.23E-27
919.4	2.26E-27
919.6	2.28E-27
919.8	2.30E-27
920	2.32E-27
920.2	2.32E-27
920.4	2.33E-27
920.6	2.34E-27
920.8	2.34E-27
921	2.35E-27
921.2	2.36E-27
921.4	2.38E-27
921.6	2.39E-27
921.8	2.41E-27
922	2.42E-27
922.2	2.43E-27
922.4	2.45E-27
922.6	2.46E-27
922.8	2.47E-27
923	2.49E-27
923.2	2.49E-27
923.4	2.50E-27
923.6	2.51E-27
923.8	2.51E-27
924	2.52E-27
924.2	2.54E-27
924.4	2.56E-27
924.6	2.58E-27
924.8	2.60E-27
925	2.62E-27
925.2	2.64E-27
925.4	2.65E-27
925.6	2.66E-27
925.8	2.68E-27
926	2.69E-27
926.2	2.70E-27
926.4	2.71E-27
926.6	2.71E-27
926.8	2.72E-27
927	2.73E-27
927.2	2.75E-27
927.4	2.78E-27
927.6	2.81E-27
927.8	2.83E-27
928	2.86E-27
928.2	2.88E-27
928.4	2.90E-27
928.6	2.92E-27
928.8	2.94E-27
929	2.96E-27
929.2	2.98E-27
929.4	2.99E-27
929.6	3.00E-27
929.8	3.02E-27
930	3.03E-27
930.2	3.06E-27
930.4	3.09E-27
930.6	3.11E-27
930.8	3.14E-27
931	3.17E-27
931.2	3.19E-27
931.4	3.21E-27
931.6	3.23E-27
931.8	3.25E-27
932	3.27E-27
932.2	3.30E-27
932.4	3.33E-27
932.6	3.35E-27
932.8	3.38E-27
933	3.41E-27
933.2	3.43E-27
933.4	3.46E-27
933.6	3.49E-27
933.8	3.52E-27
934	3.54E-27
934.2	3.58E-27
934.4	3.61E-27
934.6	3.65E-27
934.8	3.68E-27
935	3.71E-27
935.2	3.75E-27
935.4	3.78E-27
935.6	3.82E-27
935.8	3.85E-27
936	3.88E-27
936.2	3.92E-27
936.4	3.97E-27
936.6	4.01E-27
936.8	4.05E-27
937	4.09E-27
937.2	4.13E-27
937.4	4.17E-27
937.6	4.21E-27
937.8	4.25E-27
938	4.29E-27
938.2	4.35E-27
938.4	4.40E-27
938.6	4.46E-27
938.8	4.51E-27
939	4.57E-27
939.2	4.62E-27
939.4	4.67E-27
939.6	4.73E-27
939.8	4.78E-27
940	4.84E-27
940.2	4.91E-27
940.4	4.99E-27
940.6	5.06E-27
940.8	5.14E-27
941	5.21E-27
941.2	5.29E-27
941.4	5.36E-27
941.6	5.44E-27
941.8	5.51E-27
942	5.59E-27
942.2	5.68E-27
942.4	5.78E-27
942.6	5.87E-27
942.8	5.97E-27
943	6.06E-27
943.2	6.17E-27
943.4	6.28E-27
943.6	6.39E-27
943.8	6.50E-27
944	6.61E-27
944.2	6.75E-27
944.4	6.90E-27
944.6	7.04E-27
944.8	7.18E-27
945	7.32E-27
945.2	7.49E-27
945.4	7.65E-27
945.6	7.82E-27
945.8	7.98E-27
946	8.14E-27
946.2	8.35E-27
946.4	8.55E-27
946.6	8.76E-27
946.8	8.96E-27
947	9.16E-27
947.2	9.41E-27
947.4	9.66E-27
947.6	9.90E-27
947.8	1.01E-26
948	1.04E-26
948.2	1.07E-26
948.4	1.10E-26
948.6	1.14E-26
948.8	1.17E-26
949	1.20E-26
949.2	1.24E-26
949.4	1.28E-26
949.6	1.32E-26
949.8	1.36E-26
950	1.40E-26
950.2	1.45E-26
950.4	1.49E-26
950.6	1.54E-26
950.8	1.59E-26
951	1.64E-26
951.2	1.70E-26
951.4	1.76E-26
951.6	1.82E-26
951.8	1.87E-26
952	1.93E-26
952.2	2.00E-26
952.4	2.07E-26
952.6	2.15E-26
952.8	2.22E-26
953	2.29E-26
953.2	2.38E-26
953.4	2.47E-26
953.6	2.55E-26
953.8	2.64E-26
954	2.73E-26
954.2	2.83E-26
954.4	2.93E-26
954.6	3.03E-26
954.8	3.14E-26
955	3.34E-26
955.2	3.46E-26
955.4	3.57E-26
955.6	3.70E-26
955.8	3.83E-26
956	3.96E-26
956.2	4.11E-26
956.4	4.26E-26
956.6	4.42E-26
956.8	4.58E-26
957	4.75E-26
957.2	4.91E-26
957.4	5.08E-26
957.6	5.25E-26
957.8	5.41E-26
958	5.58E-26
958.2	5.76E-26
958.4	5.94E-26
958.6	6.12E-26
958.8	6.30E-26
959	6.49E-26
959.2	6.70E-26
959.4	6.91E-26
959.6	7.13E-26
959.8	7.36E-26
960	7.58E-26
960.2	7.81E-26
960.4	8.03E-26
960.6	8.26E-26
960.8	8.49E-26
961	8.72E-26
961.2	8.94E-26
961.4	9.16E-26
961.6	9.38E-26
961.8	9.62E-26
962	9.85E-26
962.2	1.01E-25
962.4	1.03E-25
962.6	1.06E-25
962.8	1.08E-25
963	1.11E-25
963.2	1.13E-25
963.4	1.16E-25
963.6	1.18E-25
963.8	1.20E-25
964	1.23E-25
964.2	1.25E-25
964.4	1.28E-25
964.6	1.30E-25
964.8	1.32E-25
965	1.34E-25
965.2	1.36E-25
965.4	1.38E-25
965.6	1.41E-25
965.8	1.43E-25
966	1.45E-25
966.2	1.47E-25
966.4	1.49E-25
966.6	1.52E-25
966.8	1.54E-25
967	1.56E-25
967.2	1.58E-25
967.4	1.60E-25
967.6	1.62E-25
967.8	1.64E-25
968	1.66E-25
968.2	1.68E-25
968.4	1.70E-25
968.6	1.71E-25
968.8	1.73E-25
969	1.75E-25
969.2	1.77E-25
969.4	1.79E-25
969.6	1.80E-25
969.8	1.82E-25
970	1.84E-25
970.2	1.86E-25
970.4	1.88E-25
970.6	1.90E-25
970.8	1.92E-25
971	1.94E-25
971.2	1.96E-25
971.4	1.98E-25
971.6	2.00E-25
971.8	2.01E-25
972	2.03E-25
972.2	2.05E-25
972.4	2.07E-25
972.6	2.09E-25
972.8	2.11E-25
973	2.13E-25
973.2	2.15E-25
973.4	2.18E-25
973.6	2.20E-25
973.8	2.23E-25
974	2.25E-25
974.2	2.28E-25
974.4	2.30E-25
974.6	2.33E-25
974.8	2.35E-25
975	2.38E-25
975.2	2.40E-25
975.4	2.42E-25
975.6	2.45E-25
975.8	2.47E-25
976	2.49E-25
976.2	2.50E-25
976.4	2.52E-25
976.6	2.54E-25
976.8	2.55E-25
977	2.56E-25
977.2	2.57E-25
977.4	2.58E-25
977.6	2.58E-25
977.8	2.58E-25
978	2.58E-25
978.2	2.56E-25
978.4	2.55E-25
978.6	2.53E-25
978.8	2.51E-25
979	2.49E-25
979.2	2.46E-25
979.4	2.43E-25
979.6	2.40E-25
979.8	2.37E-25
980	2.34E-25
980.2	2.31E-25
980.4	2.27E-25
980.6	2.24E-25
980.8	2.20E-25
981	2.17E-25
981.2	2.14E-25
981.4	2.10E-25
981.6	2.07E-25
981.8	2.04E-25
982	2.00E-25
982.2	1.97E-25
982.4	1.94E-25
982.6	1.91E-25
982.8	1.88E-25
983	1.85E-25
983.2	1.83E-25
983.4	1.80E-25
983.6	1.77E-25
983.8	1.74E-25
984	1.71E-25
984.2	1.69E-25
984.4	1.66E-25
984.6	1.63E-25
984.8	1.60E-25
985	1.57E-25
985.2	1.54E-25
985.4	1.51E-25
985.6	1.48E-25
985.8	1.45E-25
986	1.41E-25
986.2	1.38E-25
986.4	1.35E-25
986.6	1.32E-25
986.8	1.29E-25
987	1.26E-25
987.2	1.23E-25
987.4	1.20E-25
987.6	1.18E-25
987.8	1.16E-25
988	1.14E-25
988.2	1.12E-25
988.4	1.10E-25
988.6	1.08E-25
988.8	1.06E-25
989	1.04E-25
989.2	1.03E-25
989.4	1.01E-25
989.6	9.98E-26
989.8	9.82E-26
990	9.66E-26
990.2	9.51E-26
990.4	9.36E-26
990.6	9.20E-26
990.8	9.06E-26
991	8.91E-26
991.2	8.77E-26
991.4	8.63E-26
991.6	8.49E-26
991.8	8.36E-26
992	8.23E-26
992.2	8.13E-26
992.4	8.03E-26
992.6	7.92E-26
992.8	7.82E-26
993	7.72E-26
993.2	7.61E-26
993.4	7.50E-26
993.6	7.40E-26
993.8	7.30E-26
994	7.20E-26
994.2	7.10E-26
994.4	7.01E-26
994.6	6.92E-26
994.8	6.83E-26
995	6.71E-26
995.2	6.62E-26
995.4	6.54E-26
995.6	6.45E-26
995.8	6.36E-26
996	6.28E-26
996.2	6.19E-26
996.4	6.10E-26
996.6	6.01E-26
996.8	5.92E-26
997	5.83E-26
997.2	5.75E-26
997.4	5.67E-26
997.6	5.58E-26
997.8	5.50E-26
998	5.42E-26
998.2	5.34E-26
998.4	5.26E-26
998.6	5.18E-26
998.8	5.10E-26
999	5.03E-26
999.2	4.96E-26
999.4	4.89E-26
999.6	4.82E-26
999.8	4.75E-26
1000	4.68E-26
1000.2	4.62E-26
1000.4	4.56E-26
1000.6	4.49E-26
1000.8	4.43E-26
1001	4.37E-26
1001.2	4.30E-26
1001.4	4.24E-26
1001.6	4.17E-26
1001.8	4.11E-26
1002	4.04E-26
1002.2	3.98E-26
1002.4	3.92E-26
1002.6	3.86E-26
1002.8	3.80E-26
1003	3.74E-26
1003.2	3.68E-26
1003.4	3.63E-26
1003.6	3.57E-26
1003.8	3.51E-26
1004	3.45E-26
1004.2	3.40E-26
1004.4	3.34E-26
1004.6	3.28E-26
1004.8	3.23E-26
1005	3.17E-26
1005.2	3.12E-26
1005.4	3.06E-26
1005.6	3.01E-26
1005.8	2.96E-26
1006	2.91E-26
1006.2	2.86E-26
1006.4	2.82E-26
1006.6	2.77E-26
1006.8	2.72E-26
1007	2.67E-26
1007.2	2.63E-26
1007.4	2.58E-26
1007.6	2.53E-26
1007.8	2.48E-26
1008	2.43E-26
1008.2	2.38E-26
1008.4	2.34E-26
1008.6	2.29E-26
1008.8	2.24E-26
1009	2.19E-26
1009.2	2.15E-26
1009.4	2.10E-26
1009.6	2.06E-26
1009.8	2.01E-26
1010	1.97E-26
1010.2	1.93E-26
1010.4	1.88E-26
1010.6	1.84E-26
1010.8	1.80E-26
1011	1.75E-26
1011.2	1.72E-26
1011.4	1.68E-26
1011.6	1.64E-26
1011.8	1.60E-26
1012	1.56E-26
1012.2	1.52E-26
1012.4	1.49E-26
1012.6	1.46E-26
1012.8	1.43E-26
1013	1.39E-26
1013.2	1.36E-26
1013.4	1.34E-26
1013.6	1.31E-26
1013.8	1.28E-26
1014	1.25E-26
1014.2	1.22E-26
1014.4	1.20E-26
1014.6	1.17E-26
1014.8	1.14E-26
1015	1.11E-26
1015.2	1.09E-26
1015.4	1.07E-26
1015.6	1.04E-26
1015.8	1.02E-26
1016	9.91E-27
1016.2	9.70E-27
1016.4	9.48E-27
1016.6	9.26E-27
1016.8	9.04E-27
1017	8.82E-27
1017.2	8.64E-27
1017.4	8.46E-27
1017.6	8.27E-27
1017.8	8.09E-27
1018	7.90E-27
1018.2	7.74E-27
1018.4	7.58E-27
1018.6	7.41E-27
1018.8	7.25E-27
1019	7.09E-27
1019.2	6.94E-27
1019.4	6.79E-27
1019.6	6.64E-27
1019.8	6.49E-27
1020	6.34E-27
1020.2	6.21E-27
1020.4	6.08E-27
1020.6	5.95E-27
1020.8	5.82E-27
1021	5.69E-27
1021.2	5.57E-27
1021.4	5.44E-27
1021.6	5.32E-27
1021.8	5.20E-27
1022	5.08E-27
1022.2	4.97E-27
1022.4	4.87E-27
1022.6	4.77E-27
1022.8	4.67E-27
1023	4.57E-27
1023.2	4.47E-27
1023.4	4.37E-27
1023.6	4.28E-27
1023.8	4.18E-27
1024	4.09E-27
1024.2	4.01E-27
1024.4	3.92E-27
1024.6	3.84E-27
1024.8	3.76E-27
1025	3.68E-27
1025.2	3.60E-27
1025.4	3.52E-27
1025.6	3.43E-27
1025.8	3.35E-27
1026	3.27E-27
1026.2	3.20E-27
1026.4	3.13E-27
1026.6	3.07E-27
1026.8	3.00E-27
1027	2.93E-27
1027.2	2.88E-27
1027.4	2.83E-27
1027.6	2.79E-27
1027.8	2.74E-27
1028	2.69E-27
1028.2	2.65E-27
1028.4	2.61E-27
1028.6	2.57E-27
1028.8	2.53E-27
1029	2.49E-27
1029.2	2.44E-27
1029.4	2.39E-27
1029.6	2.34E-27
1029.8	2.30E-27
1030	2.25E-27
1030.2	2.20E-27
1030.4	2.15E-27
1030.6	2.11E-27
1030.8	2.06E-27
1031	2.01E-27
1031.2	1.97E-27
1031.4	1.93E-27
1031.6	1.89E-27
1031.8	1.85E-27
1032	1.81E-27
1032.2	1.79E-27
1032.4	1.76E-27
1032.6	1.74E-27
1032.8	1.72E-27
1033	1.70E-27
1033.2	1.68E-27
1033.4	1.65E-27
1033.6	1.62E-27
1033.8	1.59E-27
1034	1.57E-27
1034.2	1.54E-27
1034.4	1.51E-27
1034.6	1.49E-27
1034.8	1.46E-27
1035	1.43E-27
1035.2	1.40E-27
1035.4	1.36E-27
1035.6	1.33E-27
1035.8	1.29E-27
1036	1.26E-27
1036.2	1.23E-27
1036.4	1.19E-27
1036.6	1.16E-27
1036.8	1.12E-27
1037	1.09E-27
1037.2	1.08E-27
1037.4	1.06E-27
1037.6	1.05E-27
1037.8	1.04E-27
1038	1.02E-27
1038.2	1.02E-27
1038.4	1.02E-27
1038.6	1.02E-27
1038.8	1.02E-27
1039	1.02E-27
1039.2	1.04E-27
1039.4	1.05E-27
1039.6	1.06E-27
1039.8	1.08E-27
1040	1.09E-27
1040.2	1.09E-27
1040.4	1.09E-27
1040.6	1.09E-27
1040.8	1.09E-27
1041	1.09E-27
1041.2	1.08E-27
1041.4	1.06E-27
1041.6	1.05E-27
1041.8	1.04E-27
1042	1.02E-27
1042.2	9.95E-28
1042.4	9.68E-28
1042.6	9.40E-28
1042.8	9.13E-28
1043	8.86E-28
1043.2	8.59E-28
1043.4	8.31E-28
1043.6	8.04E-28
1043.8	7.77E-28
1044	7.50E-28
1044.2	7.43E-28
1044.4	7.36E-28
1044.6	7.29E-28
1044.8	7.22E-28
1045	7.15E-28
1045.2	7.02E-28
1045.4	6.88E-28
1045.6	6.75E-28
1045.8	6.61E-28
1046	6.47E-28
1046.2	6.54E-28
1046.4	6.61E-28
1046.6	6.68E-28
1046.8	6.75E-28
1047	6.81E-28
1047.2	6.95E-28
1047.4	7.09E-28
1047.6	7.22E-28
1047.8	7.36E-28
1048	7.50E-28
1048.2	7.50E-28
1048.4	7.50E-28
1048.6	7.50E-28
1048.8	7.50E-28
1049	7.50E-28
1049.2	7.50E-28
1049.4	7.50E-28
1049.6	7.50E-28
1049.8	7.50E-28
1050	0.00E+00
